0000000000000000000000000000000000000000000000000000
01   11   11   11   11   11   11   11   11   11   10
0 0 0010  111 1101 1 0  1011   00 1001 1110 1111 1 0
0  0100   110010111110101010101101101011011110110  0
0 101111 11011010110100110111111011011110101010010 0
01 0101011111100111010100111011010111100101011010110
0111111100110011001101101101101101110011111000110110
0  01010101111101001111001110101111010111111110111 0
0  1101101111011111100101111001001110101111111110  0
0 011101111101101010111110111010110101011001000111 0
0111011000010111011000011110101011011100011110110110
0111110111111111110101110111101101111111110110101010
0 000010101000010101101011111001011111101010101110 0
0  1111101111011010111111110110111001011110101101  0
0 101011100011001110101100010011011010011110111011 0
0111111011111011111101111110110100110111111010111110
01 0110101110111011101111011001101001110010110100 10
0 011010110111101111110010101000111000101100011111 0
0  0011111101110100101111011011101111011001110000  0
0 110110001111101111010110110010111111001101011111 0
0100110111010101111111101011100110110101111010101110
01 0111110111011100110010110010111111111001111100010
0 11110111101111111011010101010100111011100100011  0
0  0001010100110010111101110101111111011101010100  0
0 111111111111110111110111101111100010111010101101 0
0101101010110011110000111111110110111001011101101010
0110110111101011001111101110111001100101011011010110
0 010111001111101110101001101001101011001101101101 0
0  0101011100101111110111111110010111101011010111  0
0  0111011110011110011011111001101011111110101000  0
0111000110110110110110111000101110111101111011011 10
01 0111010011001110111001010011101111011111101100110
0 011101110110101110110110010111110110101111101111 0
0  0101010101111000101111011010010111101111110101  0
0 111011011011011011011010111110010011000111111101 0
0100111010011010111010101100110100110011100111101110
0111100101111101001001110101101101111101101101110110
0 111100101010111111110110110111110011111100111111 0
0  0010101011100001101001011010110110100111000110  0
0  10100110001010111010101010100101110110111111010 0
0111111111010011100101101100101001111111111010101110
0101111010101111101101111101111010101111111101011010
0 011011100111110101111100101001010111001011001001 0
0  1011001100010110000101110011110111010101010101  0
0 010001101110100010111010110011101111111101111001 0
0101010101110101011111011110101111101011110101011010
0111110011110101100011010110111111110101011011100110
0  01011111111001011011011110010001011110111110111 0
0  1011011100101010010111010110111101101111000101  0
0 1 1001 0101 1011 1101 0 11 1 11 1100 1110 1101 0 0
01   11   11   11   11   11   11   11   11   11   10
0000000000000000000000000000000000000000000000000000
separateur
Player1 9 3
Player2 -1 -1
